7715
11459
7865
6023
6364
10725
13170
10250
10112
8444
5053
7535
8592
8564
5144
2966
4487
6749
10845
9371
7003
6759
8247
10662
6961
12435
9713
13529
5842
2407
11821
7340
11068
13593
14158
13593
14158
10320
8142
9721
8478
7207
13595
2323
14688
7079
5398
5546
7909
7162
7828
13662
9566
12047
5466
9919
13961
2571
5559
10328
9361
9488
8831
12367
9116
6419
13601
4815
9660
11084
10381
9613
13168
5292
4763
12924
8223
6188
5633
10192
12993
11569
8258
7362
13194
10911
10187
3890
10988
6107
7765
7138
5532
12960
8148
14406
7948
13373
13078
12798
13363
9711
4428
8751
7368
14225
13437
14012
13888
12571
9560
12395
10336
11899
4657
4490
13800
4111
8058
5927
10975
11818
5820
8586
5898
12784
11423
5729
14373
12696
13751
8239
10016
8224
8514
9186
6753
11836
8540
7568
8846
7089
3416
11347
14494
4820
9300
9923
4419
6787
10810
7336
5039
13125
13166
8262
5152
3403
13901
14223
13416
9820
14380
12677
7688
8546
11360
12892
14417
9666
9007
8406
5130
9640
8483
13909
10813
12218
13650
12861
4396
14577
11329
8942
9807
4948
7132
13861
7216
11179
11600
10741
10227
14520
8979
12837
10072
12713
13679
10908
10986
7249
12104
11071
8108
12037
4899
6018
6684
12493
12032
3143
9330
1535
6082
1691
12687
8932
14604
10407
13546
9498
8573
14019
12175
11698
5818
11819
11741
8547
12122
9678
5956
4303
5648
4719
10133
13761
9855
11042
11037
9785
5274
4712
12274
9462
9864
6566
9075
10434
13795
8145
14026
9970
5656
14193
4959
8531
7100
6268
5137
13464
11820
13855
10090
12863
9669
14458
6954
13782
13486
9852
9328
8790
4684
8687
13415
8860
13471
14461
5042
11291
4693
11044
9430
13871
7625
12686
14030
10446
9667
5790
4896
12434
9758
13533
12910
8323
5248
6458
1671
13307
13055
13715
15041
14923
5784
13979
14399
11463
7265
12565
4296
10923
11174
15128
9886
13074
8500
9469
5015
13253
6695
10806
13142
12760
7745
6131
10438
5107
12990
12743
9378
5597
13558
5651
8814
10252
14460
8115
8008
13574
5198
8901
8446
12119
14609
10502
4848
8056
8005
13467
12376
11952
12022
7528
13099
10378
11268
13349
442
9572
9937
9252
9123
7008
12044
11002
13103
12080
5765
13968
12852
12927
6459
14533
5221
5726
12821
12897
13757
12135
4668
5118
9039
9088
8055
14583
8697
5930
8655
12895
13367
6430
13233
11225
6019
14107
5080
4370
14479
9558
12605
11953
12227
9912
9295
12418
12672
14545
14093
7554
6270
5837
13206
6755
7731
11220
7247
12560
8345
5194
5279
9429
6742
4824
12263
13172
5291
11808
5050
15015
9638
13474
9813
12894
4415
12229
13360
13195
13340
13492
10457
12503
14246
6914
9555
14847
13784
13752
11405
11595
6130
13886
13651
10341
14326
5468
11392
12834
11010
7283
11346
11729
11938
13506
15104
5217
11183
10470
5215
9565
6169
13512
5783
5437
4856
8259
12695
4500
11226
4604
11041
5095
4431
4281
4655
6306
13648
4438
4443
5949
13916
11163
7175
10879
11851
10656
11443
6165
6778
12985
13207
12868
9072
10244
8911
5469
9479
5779
9870
11772
9630
11395
8609
7446
6253
13570
10557
12972
6694
11001
6841
7875
14468
14806
13027
11884
10566
4989
9350
4805
13688
12917
7485
11342
8472
11577
7355
13999
9520
7665
12317
5482
10472
12098
6910
6159
12585
14712
14580
13526
6660
11278
10277
12483
10440
5347
12082
10640
9924
11890
13847
10256
13230
13235
4311
10552
13204
9774
4675
5371
8159
10937
6866
9086
12020
14000
12228
4935
4354
11458
12685
13036
13128
5218
6196
6258
14757
9554
11946
1373
2564
3580
2251
3229
2818
11821
1265
1822
4116
12007
1708
2302
2182
2736
3125
15140
4311
1132
2678
13363
11601
7228
4594
6081
8428
8832
7083
9241
11751
9185
6317
9583
5613
8316
13135
5099
10796
3744
10607
6896
9274
7615
8658
8263
12352
6643
6462
5914
11591
4508
10763
5749
6181
12007
6194
5587
10420
9515
7352
10020
9620
6966
7986
5741
9444
9118
10672
4777
11594
14729
9080
11667
4759
5202
10715
11601
10243
6891
5876
9626
8173
5966
14404
8737
11110
11846
14667
7964
7842
6925
4676
11735
10559
12016
12857
11514
10520
9602
5428
4583
9398
9244
12627
12067
5487
4932
11968
9732
5016
8261
7717
7697
6513
14614
9136
10347
13037
7597
7414
5992
5259
12363
9992
12644
6052
7080
9707
9096
11593
9453
11785
11312
6895
6647
4956
8110
8116
3642
14877
13675
9299
10366
14815
14498
7584
7156
6671
6476
11942
10171
9921
7253
7837
6128
5919
9411
8946
8469
5463
6358
6290
8519
5351
5705
8249
4709
4706
8034
7360
6417
14308
8236
13869
6390
3227
8178
6207
3968
14842
4551
4621
6996
9530
9486
9135
8265
14784
14172
13801
10050
9901
9730
9527
6940
5666
4930
14256
13876
12377
4631
14363
6229
13750
8727
7241
3613
14939
12115
8700
7947
6804
3589
3034
3799
3968
1707
13523
7352
3613
3955
6584
5502
9146
2138
9475
10377
5330
7219
7794
8139
4779
10175
8404
10807
8353
6747
12747
10161
10527
6243
6441
8822
10300
11434
9710
8194
10610
9190
5606
5872
5522
4874
8667
4963
5610
10674
8015
9482
8191
7299
6041
10107
7827
9064
12807
13310
7712
12105
2594
8090
7418
4366
11376
11065
2933
5004
4559
12055
8572
10513
6308
12824
14661
11362
13775
5246
8569
9275
6460
14978
11397
11003
2362
7077
12017
4808
2170
6987
5362
14199
1718
10500
9047
10641
5806
4533
10449
5467
11695
7380
14141
14766
5875
10604
13637
7445
3882
11011
10648
9825
13644
5652
8761
8496
9547
6323
6836
9543
4578
10710
7137
13120
9129
13423
4032
7225
12143
10732
8587
9787
1148
10651
14619
9125
14051
9633
8936
4804
9582
15009
8608
4872
13273
12189
14162
13297
10840
12508
10595
9218
6013
10811
9454
14022
14059
12290
5500
6080
12346
10822
9008
9352
11736
4085
10193
4281
12284
10764
10251
5542
4781
9874
14527
14027
6809
6943
5862
10451
13052
2964
6154
4121
1477
2439
1236
1029
2339
6441
1605
3300
2714
1543
4043
4085
3214
2752
14784
15104
14759
15119
15128
15131
15133
15153
14977
15010
15095
15140
15170
15156
15158
15181
15195
15198
15222
14284
15199
13523
14792
15252
15255
13682
8358
15231
15232
15334
15333
15336
15339
15300
15342
14752
15298
15357
15367
15407
15427
15434
15414
15448
15457
15467
15377
15477
15482
15485
15490
11235
15012
15520
15468
15524
15529
15534
15536
15005
15352
15512
14868
15563
15565
15570
15328
15494
15588
15597
15566
15599
15621
15629
15632
15653
14858
15582
14572
15655
15666
15680
15683
8946
15687
15691
14761
15616
15703
14458
15688
15702
7725
15720
8017
15004
13757
15576
15756
15574
15554
15545
9429
15828
15839
14133
15698
15584
3426
15849
15848
15843
15543
13994
15754
13055
14058
15869
15938
15770
15960
15974
15977
15978
15979
16002
16014
15165
16027
15769
16058
518
16078